116 1083606111611611. (1666111.) ·

11)061611 116111, 6661 168166111 6631616 61611116, rarissime 11

161161 161116, 61 6116661, 1116116116, 661116 11166661616 11661111

61116616 161616Ιί6 “), 61616161 11611666 6611616116. ’11111
11161616 666166 6661616116.

’ 6) Stamina 661.

1.· 16116666 Em. 116111. 1183. 6 811. 6611111111
375. 111131, 1161. 1. 665. mad. 81116. 9. 906. 11161666 11 11
116111. 19. 300. nor. 11611. 1. 1159111111. (11663. 1. 81. 16
Gau· fi. 3016 sam.) 3016 umc- 2· 616 809. 91 Mfflfl', P md· 11
111661. 61 Koch. 111161. 9. 575. 11. Moy. 16116. 13. (6661. 7) 1
161116, Iunc. 95. 1166111. 6186111611.8161. 7. 181. 11661. Sp
797. m. 116161. 9. 976. (11116116 6111116, striato-sulcatis, 6111
16661616-11116116116 1166111161 vaginis 161166666661161111111
16116 11161111, 16616616ιί166, 6161661, 1111666 (66616116 11111
1611666 6-611111161 1611111616666611116,6611111616116, 6661611116
capsula oblongo-emptica trigona 6616611 1666166616 breviori&
6616661 666666116661 61116 6116116616. J. 16116166 (11116. 81
ww) 116161... 91611 16661.11161.87.1.13. s-3· 101
Prod- 11. 390. J. 616666 11611. Pal. 1. 315. (81611111111131
fide 1111169.) End. 1161. 1. 836. (fide Ε. 111611.) 1. 16611161
1116161. 61111111 3. 51. (1661111161, 11111. 61 Koch.) 1. 111111
⁸ ..1. 116611... m. .1.1. 111. (fia. 61...) 1. 1..

1161661111. 119. lam. 6116161. 3. 965. J. 66111116 1111111161
175. 1. 11116113661166 11161. lm. 1. 5111 (fide 1111611111
61 schah. Syn. 7. 180, 1. 16651661616 11611. lm. 111 161. 111
1. 90. (1116111111, 1161. Gau· 175.) 111161. Ρ6116.6119.1.1·1.’1
-11616116311611116, temperata 61 6161111666116, 11611111,.11
611661, 06666666, Provinciae (16611166, Ameria 6161116. 11
111111616616116116.λ vaginae 6116161161666. · 1

' J. Diffusus 11611116, 1166611. gram· 61. 155. 61 16 nega
1161. Zeil- 1819. 186. 1895. 65. 1166111611. 116116. 33. Mat.
116611. Germ. 9. 576. 116616. 61 861611. 8111. 7. 180. ms
797. (1.6) (1111616 nudo, subtiliter 6111616, 61616116 6611
1616161 vaginis 16116611666 6116111161 661661616161611, decom!
6116, 6611161111 66116116 16666616116, 666116616116161116 61611161
66116616 6666611, 661666, 6116166116. (Μ611.61116611.) -· 111
616 0611666166 (prope 111116666661, 16 1111116616 316616661111
61 1161161111 (1111661611). - 1166111161. 11161161, vaginae 10
1116-111111161666,6611 6611116 11661166641111111,6661016610111

m

’1111611116 6616616 161616611616116 116111616611611611111166Ι 11111
ἱᾞ ῐ,11111116 mque 6661116666), longua-mn, 161111 1116111111

··) 116616 16116 116616, 6 Ι1161 1166111111 ι Lim„ am 11111
cua 61661661. (8611111. 11611. For. 161)

···) 116666111161 1111116111. 1166661. (1666116.)

 

