1.

1111 1111611111 11166 (Calama) ' ·

gimo-{omnibnliq 16111616 1611666661 6666616,1661116116,66
116116116666666611116 666116 61 66666161 61661616 16166611 661
1166111 jalin 6666661666, 6661661161 66111616 6661161 6116111161
mum 6166616, dein 6611666161) 11161116, ’666166661161161 16616 611

’ 1161111161.. .. 16 666166666661111,66 16661. (1161.)- Se

161661666 viridi-flua, 11666616.

“ 16. C. DnAco 1711111. spec. 1. 103. 11661. 6661616.
11666, 11161611. 11. 7. functe. Pl. 61116161. 116. (ex 111611
’ 6661166 G. Rolangz) 1161616116611618616. 111. 1. 3. Nm 6111
Ρ1661. 6111617 1. 3. 1. 116666 6186116118161. 11311. 11
flor. 1116. 3. 771. Β16616 111 Bijdrugm 161 66 6616161166
uma. V11. 161. Mart. Palm. 111. 1. 116. f. m 1111
0611616666666661611161161666 6611666161 11161116 6616166161ιί
6611616616, 116666166666616116, 6661161 66111616 6661116116 (116
6166-6116616616, 11161116), 666116, imaginis 6116166166 1166 6611
111 6666616116 61666161 61166166 6666161661161 61161616 66166161
16616116661 666616 3166666666116,66111166661161 16616 11611161.
161161166666116666 11661116. Α616. 6. 111. 1. 68. s· 1. Ro!
· Dujennnng Kmpf Δ61666. 6661. 661. C. 1161661 θ 16

1166. Spe. 168. ··- 1666166 86166166, 11661166 611616.

’ 16. (1. 116110160111111 11616111. 111 Μ661.Ρ61111.111. 1
6166 6666666161 frondium 661666666661 1116616 6611616616611
666616616,1166661-16666616116, 666611661111 66111616 66661166
1666616166 6661166161 611661616661116666116 6666116616616161
6666616116, 66661166 66616116, 1161616 666661666116661166111.
“ 666616 . . . 111661. - 1161611666166166 6616616116. -- 11611
166616 61 66616161111166 66116166 61111116 (1.11616111,111166111
66111 masculorum 66166116 laxioribus, 6116166161166661 appe
11116666, 6611616116 616116 longioribus, 666 6661666166661111
66616116.-(61661.) , ,

17. 0. 1111111166 11616111. 16 111661. Ρ6116. 111. (11
6666666161 1666616111 661666666611116616 6616161616611666,1

’ 616616,Ι1666616116, 66111161 6666616116 1666611666-61116616111

666661661 6166166161116 6166661666111 666661661166661 66611
661161666661611661116116, 1616616, quam 1161616 1666661616 6
666116616661 166161...1 666616 . . . . Mart. - 166166 1161
1161111666. - 1166666666ῑί 61 G. Rohug 11666 61116 6166161
61116 6666111661 61 6661666 6116661666 166116 1116116616. (11611
28. C. 6116666611 Low. 11661. 160. 1611161611
bon. Enqd. 6. 301. nm, 0961. 11. 1. Rom. 61 Sem(
7. 1317. 11666. 1161111163. 776. Μ661.Ρ61ι 111. caudice
66616, longissimo, 61666166666666161 1116661666 61661166161
aequidistantibus, 6666111616, 6661666616, 1166661666, 661161
66111616 vaginarum gracilibus, 666116, 6666661161116116, r
61666661611116 666116 6166666161 61166166 61666616 componito&

11166616 66111616 11661161 666616 evuli-globosis, 1166161 6
magnitudine 111661. Ρ6111111666116 61666 11666111. Ano. 6..

..11 <aa 6166666161.. 161, qu· ..666 661

 

