98 PANDANEAE 111611. (11111161.)

1661111166661111, 1116116111 1111111 11111611111611, 1 11161
61111 616316666116611111611661 1611166111. (Perir- .)

17. Ρ.11161661.11111 hm. 1111111376611111) W
spec. 1. 616. 1161111 116116 6111161161 11116616-11611111111
1111116116611116616 oblongo, 161111116111161111 1116161111ίὶ1. W
1111111-’1111111 1111111. Mat. 11. 3. 1. 6. - 161111 6111611611
1161111. 'h - Fructus 6111661,16611,616111161, 1661 61111
1116166111 61161116111161111,1111661 6661 11111 r 6611661 1
⁰ 11111111111111111611111111111111111. ( 161.) 111611111 666
gt, 16111311611616 111111 611111116661 11611116. Α111. A„ 11

61. . 616. 1

18.1 Ρ. romnus 11616. flor. 11111. 3. 7116. 1116161111
11111661 611 1611111 611116111 11611111616611 6111111 111116611111
1111 6611111116-11111161111 6611661 1-16661111661’). 11661. - 1
11111. 'h - Frutrx densissimus, 5611161111. 111111. 1111
11111611, 1111 1616611. 16116111116111 61116611 Ρ. 61611111
61111161611 1116111111 1161111611. 111611111611611111611611
P. odoratissimo, 1111 1611161. 11166161 611111, triangularis&
61161,16611, maguitudino 1166161 661611 61166111, 6661116
1 61611166611161161661, angularia, 1111166111, 1161111 11611
1661161111, 1111111111 pertitulato 1111611616ιί 661661111, 161111
1161161 conformi 6111616 11616 6116661111, 16661616111161116
11111613,111)11111611 1611611131111111 11111Ιέ 11111416111116. (ga

. ‚runcAws · · . . . .
898. 1)1611111166161 compositi oblongi 66611111, offitio 11
11166111 11111 1661616111 16161111 6661661 66116161111661.111
1611. mama 111111. 111111. 1. 1. (aaa 11111.) - P·
0611111661, 61111611116. ·- 16111 1111 1166161111, 61111161,
ώιηζ111ω11661161ῃ111111111181111 11111 111 11
1161111661, 61111161 16111161 111611 1111161111 116116 111611
’ 161111116, 1111111, 166116, 661611 11116661 11161111 1666611111
(11111111.) P. 6666111161 Ian. 1616111. 1. ³72. 1

111) P. 1111111111 11111111. 1. 1. 116. 1. 77. A
- 116166111,111111111161 161611 Coram. 11 - 'frum'
161. 16111111111111111, 11111116 111111611111, 1111161111 111
1161 1111611 11111111 66111111. 11166161 11161161161, 11116611
111, 166161, 661611 1111661, 11111111,16611161611, 1611116111
16111111611116611 116 irregularibus, 1161111 1111116111 rubr·
16116111 1116611161 1611111111 11111611ᾱί61. creberrimi· 111
11611 111111111 61116616 116116111 1661 11 11611616 10111111
1166111. 1
( 611) P. 6111160861 11111116.Δώ.1.1.161.81””11·7
3. 897. 66161111 1611111111111, longissimis, 11111511111111*ο
16611111111111 11 1161111661 1116616111,1116116611 116111111111

’1111111111 611611611611, 166116 1111111111 11111116.

 

